kinematics:
  shoulder:
    x: 0
    y: 0
    z: 0.089048849416019829
    roll: -0
    pitch: 0
    yaw: -2.0457942769716543e-06
  upper_arm:
    x: 0.00012808276909627027
    y: 0
    z: 0
    roll: 1.5702202289589344
    pitch: 0
    yaw: 5.4880755015414687e-05
  forearm:
    x: -0.42529889263590981
    y: 0
    z: 0
    roll: 0.00031381625066600273
    pitch: 0.00087548915898966564
    yaw: 4.9077525666207216e-05
  wrist_1:
    x: -0.39198096323899467
    y: -0.00093414265259335251
    z: 0.11052304017025809
    roll: 0.0084518160929787315
    pitch: 0.0014078332169311846
    yaw: 4.0916396654746862e-05
  wrist_2:
    x: 5.8285482668302701e-05
    y: -0.094715194159539787
    z: 1.8579602966541849e-05
    roll: 1.5706001639416913
    pitch: 0
    yaw: -0.00010445808196562006
  wrist_3:
    x: -2.7114164355658028e-05
    y: 0.082481760444710589
    z: 4.1127886309466613e-06
    roll: 1.5708461898022494
    pitch: 3.1415926535897931
    yaw: -3.1415264030904706
  hash: calib_15633947068315691854